8080000f00
c080000f00
    90000080
c090000024
    fffe0001
8090000040
8090000040
c080000240
    00000000
c080000280
    fffe0000
8090400044
c290400040
    00000000
    06000107
    00000000
c090400050
    00070000
c090400058
    80000000
c090400024
    00000002
c090700000
    00e1000f
8090000000
c090000000
    000002ef
c090000008
    00000000
8090000000
8790400000
c690300204
    00000000
    00000000
    00000000
    00000000
    00000000
    00000000
    00000000
8090000000
c790300020
    00000000
    00000000
    00000000
    00000000
    00000000
    00000000
    00000000
    00000000
c790300040
    00000000
    00000000
    00000000
    00000000
    00000000
    00000000
    00000000
    00000000
8090000000
c790300060
    00000000
    00000000
    00000000
    00000000
    00000000
    00000000
    00000000
    00000000
c790300080
    00000000
    00000000
    00000000
    00000000
    00000000
    00000000
    00000000
    00000000
8090000000
c7903000a0
    00000000
    00000000
    00000000
    00000000
    00000000
    00000000
    00000000
    00000000
c7903000c0
    00000000
    00000000
    00000000
    00000000
    00000000
    00000000
    00000000
    00000000
8090000000
c7903000e0
    00000000
    00000000
    00000000
    00000000
    00000000
    00000000
    00000000
    00000000
c790300100
    00000000
    00000000
    00000000
    00000000
    00000000
    00000000
    00000000
    00000000
8090000000
c790300120
    00000000
    00000000
    00000000
    00000000
    00000000
    00000000
    00000000
    00000000
c790300140
    00000000
    00000000
    00000000
    00000000
    00000000
    00000000
    00000000
    00000000
8090000000
c790300160
    00000000
    00000000
    00000000
    00000000
    00000000
    00000000
    00000000
    00000000
c790300180
    00000000
    00000000
    00000000
    00000000
    00000000
    00000000
    00000000
    00000000
8090000000
c7903001a0
    00000000
    00000000
    00000000
    00000000
    00000000
    00000000
    00000000
    00000000
c7903001c0
    00000000
    00000000
    00000000
    00000000
    00000000
    00000000
    00000000
    00000000
8090000000
c7903001e0
    00000000
    00000000
    00000000
    00000000
    00000000
    00000000
    00000000
    00000000
c790300000
    00000000
    00000000
    00000000
    00000000
    00000000
    00000000
    00000000
    00000000
8790400000
8090000000
c690400000
    00000000
    000000e0
    00000002
    00000000
    40000004
    40000008
    10000000
8090000000
8790400000
8790300020
8790300040
8790300060
8690300204
8090000000
8790400000
c790300020
    00000000
    00000000
    00000000
    00000000
    00000000
    00000000
    47fffff0
    00000000
c790300040
    00000000
    00000000
    00000000
    00000000
    00000000
    00000000
    00000000
    00000000
c790300060
    00000000
    00000000
    00000000
    00000000
    00000000
    00000000
    00000000
    00000000
c690300204
    00000000
    00000000
    00000000
    00000000
    00000000
    00000000
    00000000
c090400024
    00000002
8090700000
c090400024
    00000002
c090700000
    0061800f
8090000000
c090000000
    000002ef
c0fff00100
    16208444
c0fff00104
    00c8908c
c0fff00108
    13410000
c080000108
    00000000
8080000100
8080000100
c080000108
    00000800
8080000110
8080000110
c080000108
    00000000
c08000010c
    99999999
c080000108
    00000003
8080000220
c080000220
    00000000
c180000224
    00000000
    00000000
c080000240
    00000000
c080000280
    fffe0000
c080000200
    00000000
c080000204
    00000000
c080000314
    ffffffff
c080000304
    00000000
c080000318
    00000007

---------------------

8380000320
    00000000
    00000000
    00000040
    00000000
8080000108
    00000003
c080000108
    00000843
c090000020
    0000fffe
8090000020
    00000000
8080000104
    00000002
8080000110
    00000025
8090000020
    00000000
8080000104
    00000002
8080000110
    00000025
8090000020
    00000000
8080000104
    00000002
8080000110
    00000025
8090000020
    00000000
8080000104
    00000002
8080000110
    00000025
8090000020
    00000000
8080000104
    00000002
8080000110
    00000025
8090000020
    00000000
8080000104
    00000002
8080000110
    00000025
8090000020
    00000000
8080000104
    00000002
8080000110
    00000025
8090000020
    00000000
8080000104
    00000002
8080000110
    00000025
8090000020
    00000000
8080000104
    00000002
8080000110
    00000025
8090000020
    00000000
8080000104
    00000002
8080000110
    00000025
8090000020
    00000000
8080000104
    00000002
8080000110
    00000025
8090000020
    00000000
8080000104
    00000002
8080000110
    00000025
8090000020
    00000000
8080000104
    00000002
8080000110
    00000025
8090000020
    00000000
8080000104
    00000002
8080000110
    00000025
8090000020
    00000000
