<  55 55 55 55 80 ff ff ff f0    | UUUU      
>  00 00 10 82                   |           
<  80 ff ff ff f0                |           
>  00 00 10 82                   |           
<  87 ff ff f0 00                |           
>  01 00 30 60 00 00 00 00 00 00 |   0`      
>  00 00 00 00 00 00 00 00 00 00 |           
>  00 00 00 00 00 00 00 00 00 00 |           
>  00 00                         |           
<  87 ff ff f0 20                |           
>  01 00 70 00 00 00 00 00 00 00 |   p       
>  00 00 00 00 00 00 00 00 00 00 |           
>  00 00 00 00 00 00 00 00 00 00 |           
>  00 00                         |           
<  87 ff ff f0 40                |     @     
>  01 01 c0 40 00 00 00 00 00 00 |    @      
>  00 00 00 00 00 00 00 00 00 00 |           
>  00 00 00 00 00 00 00 00 00 00 |           
>  00 00                         |           
<  87 ff ff f0 60                |     `     
>  01 01 d0 00 00 00 00 00 00 00 |           
>  00 00 00 00 00 00 00 00 00 00 |           
>  00 00 00 00 00 00 00 00 00 00 |           
>  00 00                         |           
<  87 ff ff f0 80                |           
>  00 00 00 00 00 00 00 00 00 00 |           
>  00 00 00 00 00 00 00 00 00 00 |           
>  00 00 00 00 00 00 00 00 00 00 |           
>  00 00                         |           
<  87 ff ff f0 a0                |           
>  00 00 00 00 00 00 00 00 00 00 |           
>  00 00 00 00 00 00 00 00 00 00 |           
>  00 00 00 00 00 00 00 00 00 00 |           
>  00 00                         |           
<  87 ff ff f0 c0                |           
>  00 00 00 00 00 00 00 00 00 00 |           
>  00 00 00 00 00 00 00 00 00 00 |           
>  00 00 00 00 00 00 00 00 00 00 |           
>  00 00                         |           
<  87 ff ff f0 e0                |           
>  00 00 00 00 00 00 00 00 00 00 |           
>  00 00 00 00 00 00 00 00 00 00 |           
>  00 00 00 00 00 00 00 00 00 00 |           
>  00 00                         |           
<  87 ff ff f1 00                |           
>  00 00 00 00 00 00 00 00 00 00 |           
>  00 00 00 00 00 00 00 00 00 00 |           
>  00 00 00 00 00 00 00 00 00 00 |           
>  00 00                         |           
<  87 ff ff f1 20                |           
>  00 00 00 00 00 00 00 00 00 00 |           
>  00 00 00 00 00 00 00 00 00 00 |           
>  00 00 00 00 00 00 00 00 00 00 |           
>  00 00                         |           
<  87 ff ff f1 40                |     @     
>  00 00 00 00 00 00 00 00 00 00 |           
>  00 00 00 00 00 00 00 00 00 00 |           
>  00 00 00 00 00 00 00 00 00 00 |           
>  00 00                         |           
<  87 ff ff f1 60                |     `     
>  00 00 00 00 00 00 00 00 00 00 |           
>  00 00 00 00 00 00 00 00 00 00 |           
>  00 00 00 00 00 00 00 00 00 00 |           
>  00 00                         |           
<  87 ff ff f1 80                |           
>  00 00 00 00 00 00 00 00 00 00 |           
>  00 00 00 00 00 00 00 00 00 00 |           
>  00 00 00 00 00 00 00 00 00 00 |           
>  00 00                         |           
<  87 ff ff f1 a0                |           
>  00 00 00 00 00 00 00 00 00 00 |           
>  00 00 00 00 00 00 00 00 00 00 |           
>  00 00 00 00 00 00 00 00 00 00 |           
>  00 00                         |           
<  87 ff ff f1 c0                |           
>  00 00 00 00 00 00 00 00 00 00 |           
>  00 00 00 00 00 00 00 00 00 00 |           
>  00 00 00 00 00 00 00 00 00 00 |           
>  00 00                         |           
<  87 ff ff f1 e0                |           
>  00 00 00 00 00 00 00 00 00 00 |           
>  00 00 00 00 00 00 00 00 00 00 |           
>  00 00 00 00 00 00 00 00 00 00 |           
>  00 00                         |           
<  87 ff ff f8 00                |           
>  00 00 00 00 00 00 00 00 00 00 |           
>  00 00 00 00 00 00 00 00 00 00 |           
>  00 00 00 00 00 00 00 00 00 00 |           
>  00 00                         |           
<  87 ff ff f8 20                |           
>  01 00 60 20 00 00 00 00 00 00 |   `       
>  00 00 00 00 00 00 80 00 ff f2 |           
>  00 00 00 00 00 00 00 00 00 00 |           
>  00 00                         |           
<  87 ff ff f8 40                |     @     
>  01 00 40 40 00 00 00 00 00 00 |   @@      
>  00 00 00 00 00 00 90 00 f0 02 |           
>  00 00 00 00 00 00 00 00 00 00 |           
>  00 00                         |           
<  87 ff ff f8 60                |     `     
>  00 00 00 00 00 00 00 00 00 00 |           
>  00 00 00 00 00 00 00 00 00 00 |           
>  00 00 00 00 00 00 00 00 00 00 |           
>  00 00                         |           
<  87 ff ff f8 80                |           
>  00 00 00 00 00 00 00 00 00 00 |           
>  00 00 00 00 00 00 00 00 00 00 |           
>  00 00 00 00 00 00 00 00 00 00 |           
>  00 00                         |           
<  87 ff ff f8 a0                |           
>  01 02 e0 20 00 00 00 00 00 00 |           
>  00 00 00 00 00 00 40 03 f8 02 |       @   
>  00 10 ff f3 00 00 00 00 00 00 |           
>  00 00                         |           
<  87 ff ff f8 c0                |           
>  01 01 b0 00 00 00 00 00 00 00 |           
>  00 00 00 00 00 00 00 03 ff f2 |           
>  00 00 00 00 00 00 00 00 00 00 |           
>  00 00                         |           
<  87 ff ff f8 e0                |           
>  01 04 50 27 00 00 00 00 00 00 |   P'      
>  00 00 00 00 00 00 70 00 ff f3 |       p   
>  40 03 ff 02 00 00 00 00 00 00 | @         
>  00 00                         |           
<  87 ff ff f9 00                |           
>  00 00 00 00 00 00 00 00 00 00 |           
>  00 00 00 00 00 00 00 00 00 00 |           
>  00 00 00 00 00 00 00 00 00 00 |           
>  00 00                         |           
<  87 ff ff f9 20                |           
>  00 00 00 00 00 00 00 00 00 00 |           
>  00 00 00 00 00 00 00 00 00 00 |           
>  00 00 00 00 00 00 00 00 00 00 |           
>  00 00                         |           
<  87 ff ff f9 40                |     @     
>  00 00 00 00 00 00 00 00 00 00 |           
>  00 00 00 00 00 00 00 00 00 00 |           
>  00 00 00 00 00 00 00 00 00 00 |           
>  00 00                         |           
<  87 ff ff f9 60                |     `     
>  00 00 00 00 00 00 00 00 00 00 |           
>  00 00 00 00 00 00 00 00 00 00 |           
>  00 00 00 00 00 00 00 00 00 00 |           
>  00 00                         |           
<  87 ff ff f9 80                |           
>  00 00 00 00 00 00 00 00 00 00 |           
>  00 00 00 00 00 00 00 00 00 00 |           
>  00 00 00 00 00 00 00 00 00 00 |           
>  00 00                         |           
<  87 ff ff f9 a0                |           
>  00 00 00 00 00 00 00 00 00 00 |           
>  00 00 00 00 00 00 00 00 00 00 |           
>  00 00 00 00 00 00 00 00 00 00 |           
>  00 00                         |           
<  87 ff ff f9 c0                |           
>  00 00 00 00 00 00 00 00 00 00 |           
>  00 00 00 00 00 00 00 00 00 00 |           
>  00 00 00 00 00 00 00 00 00 00 |           
>  00 00                         |           
<  87 ff ff f9 e0                |           
>  00 00 00 00 00 00 00 00 00 00 |           
>  00 00 00 00 00 00 00 00 00 00 |           
>  00 00 00 00 00 00 00 00 00 00 |           
>  00 00                         |           
<  81 80 0f f0 00                |           
>  00 00 00 00 00 00 00 00       |           
<  81 80 0f f0 08                |           
>  01 00 c0 22 00 10 ff f1       |    "      
<  81 80 0f f0 10                |           
>  01 00 d0 80 00 20 ff f1       |           
<  81 80 0f f0 18                |           
>  01 01 10 28 00 30 ff f1       |    ( 0    
<  81 80 0f f0 20                |           
>  01 00 70 00 00 70 ff f1       |   p  p    
<  81 80 0f f0 28                |     (     
>  00 00 00 00 00 00 00 00       |           
<  81 80 0f f0 30                |     0     
>  00 00 00 00 00 00 00 00       |           
<  8