<  55 55 55 55 80 ff ff ff f0    | UUUU      
>  00 00 10 82                   |           
<  80 ff ff ff f0                |           
>  00 00 10 82                   |           
<  87 ff ff f0 00                |           
>  01 00 30 60 00 00 00 00 00 00 |   0`      
>  00 00 00 00 00 00 00 00 00 00 |           
>  00 00 00 00 00 00 00 00 00 00 |           
>  00 00                         |           
<  87 ff ff f0 20                |           
>  01 00 70 00 00 00 00 00 00 00 |   p       
>  00 00 00 00 00 00 00 00 00 00 |           
>  00 00 00 00 00 00 00 00 00 00 |           
>  00 00                         |           
<  87 ff ff f0 40                |     @     
>  01 01 c0 40 00 00 00 00 00 00 |    @      
>  00 00 00 00 00 00 00 00 00 00 |           
>  00 00 00 00 00 00 00 00 00 00 |           
>  00 00                         |           
<  87 ff ff f0 60                |     `     
>  01 01 d0 00 00 00 00 00 00 00 |           
>  00 00 00 00 00 00 00 00 00 00 |           
>  00 00 00 00 00 00 00 00 00 00 |           
>  00 00                         |           
<  87 ff ff f0 80                |           
>  00 00 00 00 00 00 00 00 00 00 |           
>  00 00 00 00 00 00 00 00 00 00 |           
>  00 00 00 00 00 00 00 00 00 00 |           
>  00 00                         |           
<  87 ff ff f0 a0                |           
>  00 00 00 00 00 00 00 00 00 00 |           
>  00 00 00 00 00 00 00 00 00 00 |           
>  00 00 00 00 00 00 00 00 00 00 |           
>  00 00                         |           
<  87 ff ff f0 c0                |           
>  00 00 00 00 00 00 00 00 00 00 |           
>  00 00 00 00 00 00 00 00 00 00 |           
>  00 00 00 00 00 00 00 00 00 00 |           
>  00 00                         |           
<  87 ff ff f0 e0                |           
>  00 00 00 00 00 00 00 00 00 00 |           
>  00 00 00 00 00 00 00 00 00 00 |           
>  00 00 00 00 00 00 00 00 00 00 |           
>  00 00                         |           
<  87 ff ff f1 00                |           
>  00 00 00 00 00 00 00 00 00 00 |           
>  00 00 00 00 00 00 00 00 00 00 |           
>  00 00 00 00 00 00 00 00 00 00 |           
>  00 00                         |           
<  87 ff ff f1 20                |           
>  00 00 00 00 00 00 00 00 00 00 |           
>  00 00 00 00 00 00 00 00 00 00 |           
>  00 00 00 00 00 00 00 00 00 00 |           
>  00 00                         |           
<  87 ff ff f1 40                |     @     
>  00 00 00 00 00 00 00 00 00 00 |           
>  00 00 00 00 00 00 00 00 00 00 |           
>  00 00 00 00 00 00 00 00 00 00 |           
>  00 00                         |           
<  87 ff ff f1 60                |     `     
>  00 00 00 00 00 00 00 00 00 00 |           
>  00 00 00 00 00 00 00 00 00 00 |           
>  00 00 00 00 00 00 00 00 00 00 |           
>  00 00                         |           
<  87 ff ff f1 80                |           
>  00 00 00 00 00 00 00 00 00 00 |           
>  00 00 00 00 00 00 00 00 00 00 |           
>  00 00 00 00 00 00 00 00 00 00 |           
>  00 00                         |           
<  87 ff ff f1 a0                |           
>  00 00 00 00 00 00 00 00 00 00 |           
>  00 00 00 00 00 00 00 00 00 00 |           
>  00 00 00 00 00 00 00 00 00 00 |           
>  00 00                         |           
<  87 ff ff f1 c0                |           
>  00 00 00 00 00 00 00 00 00 00 |           
>  00 00 00 00 00 00 00 00 00 00 |           
>  00 00 00 00 00 00 00 00 00 00 |           
>  00 00                         |           
<  87 ff ff f1 e0                |           
>  00 00 00 00 00 00 00 00 00 00 |           
>  00 00 00 00 00 00 00 00 00 00 |           
>  00 00 00 00 00 00 00 00 00 00 |           
>  00 00                         |           
<  87 ff ff f8 00                |           
>  00 00 00 00 00 00 00 00 00 00 |           
>  00 00 00 00 00 00 00 00 00 00 |           
>  00 00 00 00 00 00 00 00 00 00 |           
>  00 00                         |           
<  87 ff ff f8 20                |           
>  01 00 60 20 00 00 00 00 00 00 |   `       
>  00 00 00 00 00 00 80 00 ff f2 |           
>  00 00 00 00 00 00 00 00 00 00 |           
>  00 00                         |           
<  87 ff ff f8 40                |     @     
>  01 00 40 40 00 00 00 00 00 00 |   @@      
>  00 00 00 00 00 00 90 00 f0 02 |           
>  00 00 00 00 00 00 00 00 00 00 |           
>  00 00                         |           
<  87 ff ff f8 60                |     `     
>  00 00 00 00 00 00 00 00 00 00 |           
>  00 00 00 00 00 00 00 00 00 00 |           
>  00 00 00 00 00 00 00 00 00 00 |           
>  00 00                         |           
<  87 ff ff f8 80                |           
>  00 00 00 00 00 00 00 00 00 00 |           
>  00 00 00 00 00 00 00 00 00 00 |           
>  00 00 00 00 00 00 00 00 00 00 |           
>  00 00                         |           
<  87 ff ff f8 a0                |           
>  01 02 e0 20 00 00 00 00 00 00 |           
>  00 00 00 00 00 00 40 03 f8 02 |       @   
>  00 10 ff f3 00 00 00 00 00 00 |           
>  00 00                         |           
<  87 ff ff f8 c0                |           
>  01 01 b0 00 00 00 00 00 00 00 |           
>  00 00 00 00 00 00 00 03 ff f2 |           
>  00 00 00 00 00 00 00 00 00 00 |           
>  00 00                         |           
<  87 ff ff f8 e0                |           
>  01 04 50 27 00 00 00 00 00 00 |   P'      
>  00 00 00 00 00 00 70 00 ff f3 |       p   
>  40 03 ff 02 00 00 00 00 00 00 | @         
>  00 00                         |           
<  87 ff ff f9 00                |           
>  00 00 00 00 00 00 00 00 00 00 |           
>  00 00 00 00 00 00 00 00 00 00 |           
>  00 00 00 00 00 00 00 00 00 00 |           
>  00 00                         |           
<  87 ff ff f9 20                |           
>  00 00 00 00 00 00 00 00 00 00 |           
>  00 00 00 00 00 00 00 00 00 00 |           
>  00 00 00 00 00 00 00 00 00 00 |           
>  00 00                         |           
<  87 ff ff f9 40                |     @     
>  00 00 00 00 00 00 00 00 00 00 |           
>  00 00 00 00 00 00 00 00 00 00 |           
>  00 00 00 00 00 00 00 00 00 00 |           
>  00 00                         |           
<  87 ff ff f9 60                |     `     
>  00 00 00 00 00 00 00 00 00 00 |           
>  00 00 00 00 00 00 00 00 00 00 |           
>  00 00 00 00 00 00 00 00 00 00 |           
>  00 00                         |           
<  87 ff ff f9 80                |           
>  00 00 00 00 00 00 00 00 00 00 |           
>  00 00 00 00 00 00 00 00 00 00 |           
>  00 00 00 00 00 00 00 00 00 00 |           
>  00 00                         |           
<  87 ff ff f9 a0                |           
>  00 00 00 00 00 00 00 00 00 00 |           
>  00 00 00 00 00 00 00 00 00 00 |           
>  00 00 00 00 00 00 00 00 00 00 |           
>  00 00                         |           
<  87 ff ff f9 c0                |           
>  00 00 00 00 00 00 00 00 00 00 |           
>  00 00 00 00 00 00 00 00 00 00 |           
>  00 00 00 00 00 00 00 00 00 00 |           
>  00 00                         |           
<  87 ff ff f9 e0                |           
>  00 00 00 00 00 00 00 00 00 00 |           
>  00 00 00 00 00 00 00 00 00 00 |           
>  00 00 00 00 00 00 00 00 00 00 |           
>  00 00                         |           
<  81 80 0f f0 00                |           
>  00 00 00 00 00 00 00 00       |           
<  81 80 0f f0 08                |           
>  01 00 c0 22 00 10 ff f1       |    "      
<  81 80 0f f0 10                |           
>  01 00 d0 80 00 20 ff f1       |           
<  81 80 0f f0 18                |           
>  01 01 10 28 00 30 ff f1       |    ( 0    
<  81 80 0f f0 20                |           
>  01 00 70 00 00 70 ff f1       |   p  p    
<  81 80 0f f0 28                |     (     
>  00 00 00 00 00 00 00 00       |           
<  81 80 0f f0 30                |     0     
>  00 00 00 00 00 00 00 00       |           
<  81 80 0f f0 38                |     8     
>  00 00 00 00 00 00 00 00       |           
<  81 80 0f f0 40                |     @     
>  00 00 00 00 00 00 00 00       |           
<  81 80 0f f0 48                |     H     
>  00 00 00 00 00 00 00 00       |           
<  81 80 0f f0 50                |     P     
>  00 00 00 00 00 00 00 00       |           
<  81 80 0f f0 58                |     X     
>  00 00 00 00 00 00 00 00       |           
<  81 80 0f f0 60                |     `     
>  00 00 00 00 00 00 00 00       |           
<  81 80 0f f0 68                |     h     
>  00 00 00 00 00 00 00 00       |           
<  81 80 0f f0 70                |     p     
>  00 00 00 00 00 00 00 00       |           
<  81 80 0f f0 78                |     x     
>  01 01 d0 0c 00 f0 ff f1       |           
<  80 90 00 00 00                |           
>  00 00 02 ef                   |           
<  c0 90 00 00 00 00 00 00 2f 80 |         / 
<  90 00 00 24                   |    $      
>  00 00 00 01                   |           
<  c0 90 00 00 24 00 00 ff ff c0 |     $     
<  90 00 00 20 00 00 00 01 c0 90 |           
<  00 00 24 00 00 00 01 80 80 00 |   $       
<  03 08                         |           
>  00 00 01 42                   |    B      
<  c0 80 00 03 18 00 00 00 00 c0 |           
<  80 00 03 28 00 00 00 00 c0 80 |    (      
<  00 03 08 00 00 00 00 c0 80 00 |           
<  03 04 ff ff ff ff 80 80 00 03 |           
<  04                            |           
>  00 00 00 ff                   |           
<  c0 80 00 03 14 ff ff ff ff 80 |           
<  80 00 03 14                   |           
>  ff ff ff ff                   |           
<  80 80 00 03 08                |           
>  00 00 01 42                   |    B      
<  c0 80 00 03 08 00 00 3c 00 80 |        <  
<  80 00 03 08                   |           
>  00 00 01 42                   |    B      
<  c0 80 00 03 08 00 00 01 42 80 |         B 
<  80 00 0f 00                   |           
>  90 00 00 80                   |           
<  80 80 00 0f 1c                |           
>  c0 a8 00 30                   |    0      
<  80 80 00 07 0c                |           
>  00 00 03 8f                   |           
<  80 ff f0 01 04                |           
>  00 c8 90 8c                   |           
<  80 ff f0 01 00                |           
>  16 20 84 44                   |    D      
<  80 ff f0 01 08                |           
>  13 40 00 00                   |  @        
<  80 ff f0 01 0c                |           
>  00 00 01 00                   |           
<  c0 ff f0 01 0c ff ff fe ff 80 |           
<  ff f0 01 0c                   |           
>  00 e0 26 ff                   |   &       
<  c0 ff f0 01 0c 00 00 01 00 80 |           
<  ff f0 01 10                   |           
>  10 43 01 05                   |  C        
<  c0 ff f0 01 08 12 c4 00 00 c0 |           
<  ff f0 01 0c 00 00 00 00 c0 ff |           
<  f0 01 00 77 e1 84 42 c0 ff f0 |    w  B   
<  01 00 f7 e0 84 42 80 ff f0 01 |      B    
<  00                            |           
>  f7 e0 84 42                   |    B      
<  c0 40 00 20 00 00 00 00 00 c0 |  @        
<  40 00 10 00 00 00 00 00 c0 40 | @        @
<  00 08 00 00 00 00 00 c0 40 00 |         @ 
<  04 00 00 00 00 00 c0 40 00 00 |        @  
<  00 00 00 00 00 c0 40 00 00 00 |       @   
<  00 00 00 01 c0 40 00 00 04 00 |      @    
<  00 00 00 80 40 00 04 00       |     @     
>  00 00 00 0b                   |           
<  80 40 00 08 00                |  @        
>  00 00 00 0b                   |           
<  80 40 00 10 00                |  @        
>  00 00 00 0b                   |           
<  80 40 00 20 00                |  @        
>  00 00 00 0b                   |           
<  c0 ff f0 01 00 f7 e0 84 42 c0 |         B 
<  47 c0 00 00 47 c0 00 01 c0 47 | G   G    G
<  80 00 00 47 80 00 01 c0 47 40 |    G    G@
<  00 00 47 40 00 01 c0 47 00 00 |   G@   G  
<  00 47 00 00 01 c0 46 c0 00 00 |  G    F   
<  46 c0 00 01 c0 46 80 00 00 46 | F    F   F
<  80 00 01 c0 46 40 00 00 46 40 |     F@  F@
<  00 01 c0 46 00 00 00 46 00 00 |    F   F  
<  01 c0 45 c0 00 00 45 c0 00 01 |   E   E   
<  c0 45 80 00 00 45 80 00 01 c0 |  E   E    
<  45 40 00 00 45 40 00 01 c0 45 | E@  E@   E
<  00 00 00 45 00 00 01 c0 44 c0 |    E    D 
<  00 00 44 c0 00 01 c0 44 80 00 |   D    D  
<  00 44 80 00 01 c0 44 40 00 00 |  D    D@  
<  44 40 00 01 c0 44 00 00 00 44 | D@   D   D
<  00 00 01 c0 43 c0 00 00 43 c0 |     C   C 
<  00 01 c0 43 80 00 00 43 80 00 |    C   C  
<  01 c0 43 40 00 00 43 40 00 01 |   C@  C@  
<  c0 43 00 00 00 43 00 00 01 c0 |  C   C    
<  42 c0 00 00 42 c0 00 01 c0 42 | B   B    B
<  80 00 00 42 80 00 01 c0 42 40 |    B    B@
<  00 00 42 40 00 01 c0 42 00 00 |   B@   B  
<  00 42 00 00 01 c0 41 c0 00 00 |  B    A   
<  41 c0 00 01 c0 41 80 00 00 41 | A    A   A
<  80 00 01 c0 41 40 00 00 41 40 |     A@  A@
<  00 01 c0 41 00 00 00 41 00 00 |    A   A  
<  01 c0 40 c0 00 00 40 c0 00 01 |   @   @   
<  c0 40 80 00 00 40 80 00 01 c0 |  @   @    
<  40 40 00 00 40 40 00 01 c0 40 | @@  @@   @
<  00 00 00 40 00 00 01 80 40 00 |    @    @ 
<  00 00                         |           
>  00 00 00 0b                   |           
<  80 ff f7 00 00                |           
>  00 00 00 0b                   |           
<  80 80 00 0f 10                |           
>  78 09 08 4a                   | x  J      
<  80 80 00 0f 00                |           
>  90 00 00 80                   |           
<  c0 80 00 0f 00 90 00 00 80 80 |           
<  90 00 00 20                   |           
>  00 00 00 01                   |           
<  c0 90 00 00 00 00 00 00 2f 80 |         / 
<  90 40 00 44                   |  @ D      
>  06 00 01 07                   |           
<  c0 90 40 00 24 00 00 00 02 80 |   @ $     
<  90 70 00 00                   |  p        
>  00 00 00 00                   |           
<  c0 90 40 00 24 00 00 00 02 c0 |   @ $     
<  90 70 00 00 00 00 00 0f c0 90 |  p        
<  40 00 24 00 00 00 02 80 90 70 | @ $      p
<  00 00                         |           
>  00 00 00 0f                   |           
<  c0 90 40 00 24 00 00 00 02 c0 |   @ $     
<  90 70 00 00 00 00 00 00 c0 90 |  p        
<  40 00 24 00 00 00 02 80 90 70 | @ $      p
<  00 08                         |           
>  33 23 08 e0                   | 3#        
<  c0 90 40 00 24 00 00 00 02 80 |   @ $     
<  90 70 00 0c                   |  p        
>  33 23 08 f0                   | 3#        
<  c7 90 40 00 60 00 00 00 00 00 |   @ `     
<  00 00 00 00 00 00 00 00 00 00 |           
<  00 00 00 00 00 00 00 00 00 00 |           
<  00 00 00 00 00 00 00 80 90 00 |           
<  00 40                         |  @        
>  00 00 00 00                   |           
<  c0 90 00 00 40 ff ff 00 00 80 |     @     
<  90 00 00 40                   |    @      
>  00 3f 00 00                   |  ?        
<  c0 90 00 00 40 00 00 01 05 80 |     @     
<  90 00 00 40                   |    @      
>  00 00 01 05                   |           
<  80 90 00 00 48                |     H     
>  00 00 00 00                   |           
<  c0 90 00 00 48 00 00 00 01 80 |     H     
<  90 00 00 48                   |    H      
>  00 00 00 00                   |           
<  c0 90 00 00 48 00 00 00 00 c3 |     H     
<  90 00 00 50 00 00 00 00 00 00 |    P      
<  00 00 00 00 00 00 00 00 00 00 |           
<  c0 90 00 00 48 00 00 00 00 c0 |     H     
<  90 00 00 4c 00 00 00 00 81 90 |    L      
<  11 00 00                      |           
>  00 00 00 00 00 80 00 00       |           
<  c0 90 11 00 00 10 00 7f ff 81 |           
<  90 11 00 00                   |           
>  10 00 00 3f 00 80 00 00       |    ?      
<  c0 90 11 00 00 00 00 00 00 c0 |           
<  90 11 00 04 10 80 ff ff 80 90 |           
<  11 00 04                      |           
>  00 80 ff ff                   |           
<  c0 90 11 00 04 00 00 00 00 c0 |           
<  90 40 00 24 00 00 00 02 80 90 |  @ $      
<  70 00 0c                      | p         
>  33 23 08 f0                   | 3#        
<  c0 90 00 00 24 ff fe 00 01 80 |     $     
<  90 00 00 00                   |           
>  00 00 02 ef                   |           
<  80 80 00 01 08                |           
>  00 00 00 00                   |           
<  c0 80 00 01 08 00 00 08 00 80 |           
<  80 00 01 08                   |           
>  00 00 08 00                   |           
<  c0 80 00 01 08 00 00 00 00 80 |           
<  80 00 02 10                   |           
>  04 00 00 00                   |           
<  80 80 00 02 20                |           
>  00 00 00 00                   |           
<  80 80 00 03 04                |           
>  00 00 00 ff                   |           
<  80 80 00 02 20                |           
>  00 00 00 00                   |           
<  c0 80 00 02 20 00 00 00 00 c1 |           
<  80 00 02 24 00 00 00 00 00 00 |    $      
<  00 00 81 80 00 02 24          |       $   
>  00 00 00 00 00 00 00 00       |           
<  80 80 00 0f 00                |           
>  90 00 00 80                   |           
<  c0 80 00 0f 00 90 00 00 80 c0 |           
<  90 00 00 24 ff fe 00 01 80 90 |    $      
<  00 00 40                      |   @       
>  00 00 01 05                   |           
<  80 90 00 00 40                |     @     
>  00 00 01 05                   |           
<  c0 80 00 02 40 00 00 00 00 c0 |     @     
<  80 00 02 80 ff fe 00 00 80 90 |           
<  40 00 44                      | @ D       
>  06 00 01 07                   |           
<  c2 90 40 00 40 00 00 00 00 06 |   @ @     
<  00 01 07 00 00 00 00 c0 90 40 |          @
<  00 50 00 07 00 00 c0 90 40 00 |  P      @ 
<  58 80 00 00 00 c0 90 40 00 24 | X      @ $
<  00 00 00 02 c0 90 70 00 00 00 |       p   
<  e1 00 0f 80 90 00 00 00       |           
>  00 00 02 ef                   |           
<  c0 90 00 00 00 00 00 02 ef c0 |           
<  90 00 00 08 00 00 00 00 80 90 |           
<  00 00 00                      |           
>  00 00 00 ef                   |           
<  87 90 40 00 00                |   @       
>  00 00 00 00 f3 00 00 c0 00 00 |           
>  00 00 00 00 00 10 00 00 00 00 |           
>  00 10 00 08 00 00 00 00 00 00 |           
>  00 00                         |           
<  c6 90 30 02 04 00 00 00 00 00 |   0       
<  00 00 00 00 00 00 00 00 00 00 |           
<  00 00 00 00 00 00 00 00 00 00 |           
<  00 00 00 80 90 00 00 00       |           
>  00 00 00 ef                   |           
<  c7 90 30 00 20 00 00 00 00 00 |   0       
<  00 00 00 00 00 00 00 00 00 00 |           
<  00 00 00 00 00 00 00 00 00 00 |           
<  00 00 00 00 00 00 00 c7 90 30 |          0
<  00 40 00 00 00 00 00 00 00 00 |  @        
<  00 00 00 00 00 00 00 00 00 00 |           
<  00 00 00 00 00 00 00 00 00 00 |           
<  00 00 00 00 80 90 00 00 00    |           
>  00 00 00 ef                   |           
<  c7 90 30 00 60 00 00 00 00 00 |   0 `     
<  00 00 00 00 00 00 00 00 00 00 |           
<  00 00 00 00 00 00 00 00 00 00 |           
<  00 00 00 00 00 00 00 c7 90 30 |          0
<  00 80 00 00 00 00 00 00 00 00 |           
<  00 00 00 00 00 00 00 00 00 00 |           
<  00 00 00 00 00 00 00 00 00 00 |           
<  00 00 00 00 80 90 00 00 00    |           
>  00 00 00 ef                   |           
<  c7 90 30 00 a0 00 00 00 00 00 |   0       
<  00 00 00 00 00 00 00 00 00 00 |           
<  00 00 00 00 00 00 00 00 00 00 |           
<  00 00 00 00 00 00 00 c7 90 30 |          0
<  00 c0 00 00 00 00 00 00 00 00 |           
<  00 00 00 00 00 00 00 00 00 00 |           
<  00 00 00 00 00 00 00 00 00 00 |           
<  00 00 00 00 80 90 00 00 00    |           
>  00 00 00 ef                   |           
<  c7 90 30 00 e0 00 00 00 00 00 |   0       
<  00 00 00 00 00 00 00 00 00 00 |           
<  00 00 00 00 00 00 00 00 00 00 |           
<  00 00 00 00 00 00 00 c7 90 30 |          0
<  01 00 00 00 00 00 00 00 00 00 |           
<  00 00 00 00 00 00 00 00 00 00 |           
<  00 00 00 00 00 00 00 00 00 00 |           
<  00 00 00 00 80 90 00 00 00    |           
>  00 00 00 ef                   |           
<  c7 90 30 01 20 00 00 00 00 00 |   0       
<  00 00 00 00 00 00 00 00 00 00 |           
<  00 00 00 00 00 00 00 00 00 00 |           
<  00 00 00 00 00 00 00 c7 90 30 |          0
<  01 40 00 00 00 00 00 00 00 00 |  @        
<  00 00 00 00 00 00 00 00 00 00 |           
<  00 00 00 00 00 00 00 00 00 00 |           
<  00 00 00 00 80 90 00 00 00    |           
>  00 00 00 ef                   |           
<  c7 90 30 01 60 00 00 00 00 00 |   0 `     
<  00 00 00 00 00 00 00 00 00 00 |           
<  00 00 00 00 00 00 00 00 00 00 |           
<  00 00 00 00 00 00 00 c7 90 30 |          0
<  01 80 00 00 00 00 00 00 00 00 |           
<  00 00 00 00 00 00 00 00 00 00 |           
<  00 00 00 00 00 00 00 00 00 00 |           
<  00 00 00 00 80 90 00 00 00    |           
>  00 00 00 ef                   |           
<  c7 90 30 01 a0 00 00 00 00 00 |   0       
<  00 00 00 00 00 00 00 00 00 00 |           
<  00 00 00 00 00 00 00 00 00 00 |           
<  00 00 00 00 00 00 00 c7 90 30 |          0
<  01 c0 00 00 00 00 00 00 00 00 |           
<  00 00 00 00 00 00 00 00 00 00 |           
<  00 00 00 00 00 00 00 00 00 00 |           
<  00 00 00 00 80 90 00 00 00    |           
>  00 00 00 ef                   |           
<  c7 90 30 01 e0 00 00 00 00 00 |   0       
<  00 00 00 00 00 00 00 00 00 00 |           
<  00 00 00 00 00 00 00 00 00 00 |           
<  00 00 00 00 00 00 00 c7 90 30 |          0
<  00 00 00 00 00 00 00 00 00 00 |           
<  00 00 00 00 00 00 00 00 00 00 |           
<  00 00 00 00 00 00 00 00 00 00 |           
<  00 00 00 00 87 90 40 00 00    |       @   
>  00 00 00 00 f3 00 00 c0 00 00 |           
>  00 00 00 00 00 10 00 00 00 00 |           
>  00 10 00 08 00 00 00 00 00 00 |           
>  00 00                         |           
<  80 90 00 00 00                |           
>  00 00 00 ef                   |           
<  c6 90 40 00 00 00 00 00 00 00 |   @       
<  00 00 e0 00 00 00 02 00 00 00 |           
<  00 00 00 00 00 00 10 00 08 10 |           
<  00 00 00 80 90 00 00 00       |           
>  00 00 00 ef                   |           
<  87 90 40 00 00                |   @       
>  00 00 00 00 f3 00 00 e0 00 00 |           
>  00 02 00 00 00 00 00 00 00 00 |           
>  00 10 00 08 00 00 00 00 00 00 |           
>  00 00                         |           
<  87 90 30 00 20                |   0       
>  00 00 00 00 00 00 00 00 00 00 |           
>  00 00 00 00 00 00 00 00 00 00 |           
>  00 00 00 00 00 00 00 00 00 00 |           
>  00 00                         |           
<  87 90 30 00 40                |   0 @     
>  00 00 00 00 00 00 00 00 00 00 |           
>  00 00 00 00 00 00 00 00 00 00 |           
>  00 00 00 00 00 00 00 00 00 00 |           
>  00 00                         |           
<  87 90 30 00 60                |   0 `     
>  00 00 00 00 00 00 00 00 00 00 |           
>  00 00 00 00 00 00 00 00 00 00 |           
>  00 00 00 00 00 00 00 00 00 00 |           
>  00 00                         |           
<  86 90 30 02 04                |   0       
>  00 00 00 00 00 00 00 00 00 00 |           
>  00 00 00 00 00 00 00 00 00 00 |           
>  00 00 00 00 00 00 00 00       |           
<  80 90 00 00 00                |           
>  00 00 00 ef                   |           
<  87 90 40 00 00                |   @       
>  00 00 00 00 f3 00 00 e0 00 00 |           
>  00 02 00 00 00 00 00 00 00 00 |           
>  00 10 00 08 00 00 00 00 00 00 |           
>  00 00                         |           
<  c7 90 30 00 20 00 00 00 00 00 |   0       
<  00 00 00 00 00 00 00 00 00 00 |           
<  00 00 00 00 00 00 00 00 00 00 |           
<  00 00 00 00 00 00 00 c7 90 30 |          0
<  00 40 00 00 00 00 00 00 00 00 |  @        
<  00 00 00 00 00 00 00 00 00 00 |           
<  00 00 00 00 00 00 00 00 00 00 |           
<  00 00 00 00 c7 90 30 00 60 00 |       0 ` 
<  00 00 00 00 00 00 00 00 00 00 |           
<  00 00 00 00 00 00 00 00 00 00 |           
<  00 00 00 00 00 00 00 00 00 00 |           
<  00 c6 90 