<<<< init (5555555580fffffff0)
	>  00 00 10 82                   |           
<<<< com_80 (80fffffff0)
	>  00 00 10 82                   |           
<<<< com_87_1 (87fffff000)
	>  01 00 30 60 00 00 00 00 00 00 |   0`      
	>  00 00 00 00 00 00 00 00 00 00 |           
	>  00 00 00 00 00 00 00 00 00 00 |           
	>  00 00                         |           
<<<< com_87_1 (87fffff020)
	>  01 00 70 00 00 00 00 00 00 00 |   p       
	>  00 00 00 00 00 00 00 00 00 00 |           
	>  00 00 00 00 00 00 00 00 00 00 |           
	>  00 00                         |           
<<<< com_87_1 (87fffff040)
	>  01 01 c0 40 00 00 00 00 00 00 |    @      
	>  00 00 00 00 00 00 00 00 00 00 |           
	>  00 00 00 00 00 00 00 00 00 00 |           
	>  00 00                         |           
<<<< com_87_1 (87fffff060)
	>  01 01 d0 00 00 00 00 00 00 00 |           
	>  00 00 00 00 00 00 00 00 00 00 |           
	>  00 00 00 00 00 00 00 00 00 00 |           
	>  00 00                         |           
<<<< com_87_1 (87fffff080)
	>  00 00 00 00 00 00 00 00 00 00 |           
	>  00 00 00 00 00 00 00 00 00 00 |           
	>  00 00 00 00 00 00 00 00 00 00 |           
	>  00 00                         |           
<<<< com_87_1 (87fffff0a0)
	>  00 00 00 00 00 00 00 00 00 00 |           
	>  00 00 00 00 00 00 00 00 00 00 |           
	>  00 00 00 00 00 00 00 00 00 00 |           
	>  00 00                         |           
<<<< com_87_1 (87fffff0c0)
	>  00 00 00 00 00 00 00 00 00 00 |           
	>  00 00 00 00 00 00 00 00 00 00 |           
	>  00 00 00 00 00 00 00 00 00 00 |           
	>  00 00                         |           
<<<< com_87_1 (87fffff0e0)
	>  00 00 00 00 00 00 00 00 00 00 |           
	>  00 00 00 00 00 00 00 00 00 00 |           
	>  00 00 00 00 00 00 00 00 00 00 |           
	>  00 00                         |           
<<<< com_87_1 (87fffff100)
	>  00 00 00 00 00 00 00 00 00 00 |           
	>  00 00 00 00 00 00 00 00 00 00 |           
	>  00 00 00 00 00 00 00 00 00 00 |           
	>  00 00                         |           
<<<< com_87_1 (87fffff120)
	>  00 00 00 00 00 00 00 00 00 00 |           
	>  00 00 00 00 00 00 00 00 00 00 |           
	>  00 00 00 00 00 00 00 00 00 00 |           
	>  00 00                         |           
<<<< com_87_1 (87fffff140)
	>  00 00 00 00 00 00 00 00 00 00 |           
	>  00 00 00 00 00 00 00 00 00 00 |           
	>  00 00 00 00 00 00 00 00 00 00 |           
	>  00 00                         |           
<<<< com_87_1 (87fffff160)
	>  00 00 00 00 00 00 00 00 00 00 |           
	>  00 00 00 00 00 00 00 00 00 00 |           
	>  00 00 00 00 00 00 00 00 00 00 |           
	>  00 00                         |           
<<<< com_87_1 (87fffff180)
	>  00 00 00 00 00 00 00 00 00 00 |           
	>  00 00 00 00 00 00 00 00 00 00 |           
	>  00 00 00 00 00 00 00 00 00 00 |           
	>  00 00                         |           
<<<< com_87_1 (87fffff1a0)
	>  00 00 00 00 00 00 00 00 00 00 |           
	>  00 00 00 00 00 00 00 00 00 00 |           
	>  00 00 00 00 00 00 00 00 00 00 |           
	>  00 00                         |           
<<<< com_87_1 (87fffff1c0)
	>  00 00 00 00 00 00 00 00 00 00 |           
	>  00 00 00 00 00 00 00 00 00 00 |           
	>  00 00 00 00 00 00 00 00 00 00 |           
	>  00 00                         |           
<<<< com_87_1 (87fffff1e0)
	>  00 00 00 00 00 00 00 00 00 00 |           
	>  00 00 00 00 00 00 00 00 00 00 |           
	>  00 00 00 00 00 00 00 00 00 00 |           
	>  00 00                         |           
<<<< com_87_1 (87fffff800)
	>  00 00 00 00 00 00 00 00 00 00 |           
	>  00 00 00 00 00 00 00 00 00 00 |           
	>  00 00 00 00 00 00 00 00 00 00 |           
	>  00 00                         |           
<<<< com_87_1 (87fffff820)
	>  01 00 60 20 00 00 00 00 00 00 |   `       
	>  00 00 00 00 00 00 80 00 ff f2 |           
	>  00 00 00 00 00 00 00 00 00 00 |           
	>  00 00                         |           
<<<< com_87_1 (87fffff840)
	>  01 00 40 40 00 00 00 00 00 00 |   @@      
	>  00 00 00 00 00 00 90 00 f0 02 |           
	>  00 00 00 00 00 00 00 00 00 00 |           
	>  00 00                         |           
<<<< com_87_1 (87fffff860)
	>  00 00 00 00 00 00 00 00 00 00 |           
	>  00 00 00 00 00 00 00 00 00 00 |           
	>  00 00 00 00 00 00 00 00 00 00 |           
	>  00 00                         |           
<<<< com_87_1 (87fffff880)
	>  00 00 00 00 00 00 00 00 00 00 |           
	>  00 00 00 00 00 00 00 00 00 00 |           
	>  00 00 00 00 00 00 00 00 00 00 |           
	>  00 00                         |           
<<<< com_87_1 (87fffff8a0)
	>  01 02 e0 20 00 00 00 00 00 00 |           
	>  00 00 00 00 00 00 40 03 f8 02 |       @   
	>  00 10 ff f3 00 00 00 00 00 00 |           
	>  00 00                         |           
<<<< com_87_1 (87fffff8c0)
	>  01 01 b0 00 00 00 00 00 00 00 |           
	>  00 00 00 00 00 00 00 03 ff f2 |           
	>  00 00 00 00 00 00 00 00 00 00 |           
	>  00 00                         |           
<<<< com_87_1 (87fffff8e0)
	>  01 04 50 27 00 00 00 00 00 00 |   P'      
	>  00 00 00 00 00 00 70 00 ff f3 |       p   
	>  40 03 ff 02 00 00 00 00 00 00 | @         
	>  00 00                         |           
<<<< com_87_1 (87fffff900)
	>  00 00 00 00 00 00 00 00 00 00 |           
	>  00 00 00 00 00 00 00 00 00 00 |           
	>  00 00 00 00 00 00 00 00 00 00 |           
	>  00 00                         |           
<<<< com_87_1 (87fffff920)
	>  00 00 00 00 00 00 00 00 00 00 |           
	>  00 00 00 00 00 00 00 00 00 00 |           
	>  00 00 00 00 00 00 00 00 00 00 |           
	>  00 00                         |           
<<<< com_87_1 (87fffff940)
	>  00 00 00 00 00 00 00 00 00 00 |           
	>  00 00 00 00 00 00 00 00 00 00 |           
	>  00 00 00 00 00 00 00 00 00 00 |           
	>  00 00                         |           
<<<< com_87_1 (87fffff960)
	>  00 00 00 00 00 00 00 00 00 00 |           
	>  00 00 00 00 00 00 00 00 00 00 |           
	>  00 00 00 00 00 00 00 00 00 00 |           
	>  00 00                         |           
<<<< com_87_1 (87fffff980)
	>  00 00 00 00 00 00 00 00 00 00 |           
	>  00 00 00 00 00 00 00 00 00 00 |           
	>  00 00 00 00 00 00 00 00 00 00 |           
	>  00 00                         |           
<<<< com_87_1 (87fffff9a0)
	>  00 00 00 00 00 00 00 00 00 00 |           
	>  00 00 00 00 00 00 00 00 00 00 |           
	>  00 00 00 00 00 00 00 00 00 00 |           
	>  00 00                         |           
<<<< com_87_1 (87fffff9c0)
	>  00 00 00 00 00 00 00 00 00 00 |           
	>  00 00 00 00 00 00 00 00 00 00 |           
	>  00 00 00 00 00 00 00 00 00 00 |           
	>  00 00                         |           
<<<< com_87_1 (87fffff9e0)
	>  00 00 00 00 00 00 00 00 00 00 |           
	>  00 00 00 00 00 00 00 00 00 00 |           
	>  00 00 00 00 00 00 00 00 00 00 |           
	>  00 00                         |           
<<<< com_81_1 (81800ff000)
	>  00 00 00 00 00 00 00 00       |           
<<<< com_81_1 (81800ff008)
	>  01 00 c0 22 00 10 ff f1       |    "      
<<<< com_81_1 (81800ff010)
	>  01 00 d0 80 00 20 ff f1       |           
<<<< com_81_1 (81800ff018)
	>  01 01 10 28 00 30 ff f1       |    ( 0    
<<<< com_81_1 (81800ff020)
	>  01 00 70 00 00 70 ff f1       |   p  p    
<<<< com_81_1 (81800ff028)
	>  00 00 00 00 00 00 00 00       |           
<<<< com_81_1 (81800ff030)
	>  00 00 00 00 00 00 00 00       |           
