<  80 80 00 0f 00                |
>  90 00 00 80                   |

<  c0 80 00 0f 00 90 00 00 80 c0 |
<  90 00 00 24 ff fe 00 01 80 90 |    $

<  00 00 40                      |   @
>  00 00 00 00                   |

<  80 90 00 00 40                |     @
>  00 00 00 00                   |

<  c0 80 00 02 40 00 00 00 00 c0 |     @
<  80 00 02 80 ff fe 00 00 80 90 |

<  40 00 44                      | @ D
>  06 00 01 07                   |

<  c2 90 40 00 40 00 00 00 00 06 |   @ @
<  00 01 07 00 00 00 00 c0 90 40 |          @
<  00 50 00 07 00 00 c0 90 40 00 |  P      @
<  58 80 00 00 00 c0 90 40 00 24 | X      @ $
<  00 00 00 02 c0 90 70 00 00 00 |       p
<  e1 00 0f 80 90 00 00 00       |
>  00 00 00 ef                   |

<  c0 90 00 00 00 00 00 02 ef c0 |
<  90 00 00 08 00 00 00 00 80 90 |

<  00 00 00                      |
>  00 00 00 ef                   |

<  87 90 40 00 00                |   @
>  00 00 00 00 f3 00 00 e0 00 00 |
>  00 02 00 00 00 00 00 00 00 10 |
>  00 00 00 14 00 00 00 00 00 00 |
>  00 00                         |

<  c6 90 30 02 04 00 00 00 00 00 |   0
<  00 00 00 00 00 00 00 00 00 00 |
<  00 00 00 00 00 00 00 00 00 00 |
<  00 00 00

<  80 90 00 00 00       |
>  00 00 00 ef                   |

<  c7 90 30 00 20 00 00 00 00 00 |   0
<  00 00 00 00 00 00 00 00 00 00 |
<  00 00 00 00 00 00 00 00 00 00 |
<  00 00 00 00 00 00 00 c7 90 30 |          0
<  00 40 00 00 00 00 00 00 00 00 |  @
<  00 00 00 00 00 00 00 00 00 00 |
<  00 00 00 00 00 00 00 00 00 00 |
<  00 00 00 00

<  80 90 00 00 00    |
>  00 00 00 ef                   |

<  c7 90 30 00 60 00 00 00 00 00 |   0 `
<  00 00 00 00 00 00 00 00 00 00 |
<  00 00 00 00 00 00 00 00 00 00 |
<  00 00 00 00 00 00 00 c7 90 30 |          0
<  00 80 00 00 00 00 00 00 00 00 |
<  00 00 00 00 00 00 00 00 00 00 |
<  00 00 00 00 00 00 00 00 00 00 |
<  00 00 00 00

<  80 90 00 00 00    |
>  00 00 00 ef                   |

<  c7 90 30 00 a0 00 00 00 00 00 |   0

<  00 00 00 00 00 00 00 00 00 00 |

<  00 00 00 00 00 00 00 00 00 00 |

<  00 00 00 00 00 00 00 c7 90 30 |          0

<  00 c0 00 00 00 00 00 00 00 00 |

<  00 00 00 00 00 00 00 00 00 00 |

<  00 00 00 00 00 00 00 00 00 00 |

<  00 00 00 00 80 90 00 00 00    |
>  00 00 00 ef                   |

<  c7 90 30 00 e0 00 00 00 00 00 |   0

<  00 00 00 00 00 00 00 00 00 00 |

<  00 00 00 00 00 00 00 00 00 00 |

<  00 00 00 00 00 00 00 c7 90 30 |          0

<  01 00 00 00 00 00 00 00 00 00 |

<  00 00 00 00 00 00 00 00 00 00 |

<  00 00 00 00 00 00 00 00 00 00 |

<  00 00 00 00 80 90 00 00 00    |
>  00 00 00 ef                   |

<  c7 90 30 01 20 00 00 00 00 00 |   0

<  00 00 00 00 00 00 00 00 00 00 |

<  00 00 00 00 00 00 00 00 00 00 |

<  00 00 00 00 00 00 00 c7 90 30 |          0

<  01 40 00 00 00 00 00 00 00 00 |  @

<  00 00 00 00 00 00 00 00 00 00 |

<  00 00 00 00 00 00 00 00 00 00 |

<  00 00 00 00 80 90 00 00 00    |
>  00 00 00 ef                   |

<  c7 90 30 01 60 00 00 00 00 00 |   0 `

<  00 00 00 00 00 00 00 00 00 00 |

<  00 00 00 00 00 00 00 00 00 00 |

<  00 00 00 00 00 00 00 c7 90 30 |          0

<  01 80 00 00 00 00 00 00 00 00 |

<  00 00 00 00 00 00 00 00 00 00 |

<  00 00 00 00 00 00 00 00 00 00 |

<  00 00 00 00 80 90 00 00 00    |
>  00 00 00 ef                   |

<  c7 90 30 01 a0 00 00 00 00 00 |   0

<  00 00 00 00 00 00 00 00 00 00 |

<  00 00 00 00 00 00 00 00 00 00 |

<  00 00 00 00 00 00 00 c7 90 30 |          0

<  01 c0 00 00 00 00 00 00 00 00 |

<  00 00 00 00 00 00 00 00 00 00 |

<  00 00 00 00 00 00 00 00 00 00 |

<  00 00 00 00 80 90 00 00 00    |
>  00 00 00 ef                   |

<  c7 90 30 01 e0 00 00 00 00 00 |   0

<  00 00 00 00 00 00 00 00 00 00 |

<  00 00 00 00 00 00 00 00 00 00 |

<  00 00 00 00 00 00 00 c7 90 30 |          0

<  00 00 00 00 00 00 00 00 00 00 |

<  00 00 00 00 00 00 00 00 00 00 |

<  00 00 00 00 00 00 00 00 00 00 |

<  00 00 00 00 87 90 40 00 00    |       @
>  00 00 00 00 f3 00 00 e0 00 00 |
>  00 02 00 00 00 00 00 00 00 10 |
>  00 00 00 14 00 00 00 00 00 00 |
>  00 00                         |

<  80 90 00 00 00                |
>  00 00 00 ef                   |

<  c6 90 40 00 00 00 00 00 00 00 |   @

<  00 00 e0 00 00 00 02 00 00 00 |

<  00 00 00 00 00 00 00 00 04 10 |

<  00 00 00 80 90 00 00 00       |
>  00 00 00 ef                   |

<  87 90 40 00 00                |   @
>  00 00 00 00 f3 00 00 e0 00 00 |
>  00 02 00 00 00 00 00 00 00 00 |
>  00 00 00 04 00 00 00 00 00 00 |
>  00 00                         |

<  87 90 30 00 20                |   0
>  00 00 00 00 00 00 00 00 00 00 |
>  00 00 00 00 00 00 00 00 00 00 |
>  00 00 00 00 00 00 00 00 00 00 |
>  00 00                         |

<  87 90 30 00 40                |   0 @
>  00 00 00 00 00 00 00 00 00 00 |
>  00 00 00 00 00 00 00 00 00 00 |
>  00 00 00 00 00 00 00 00 00 00 |
>  00 00                         |

<  87 90 30 00 60                |   0 `
>  00 00 00 00 00 00 00 00 00 00 |
>  00 00 00 00 00 00 00 00 00 00 |
>  00 00 00 00 00 00 00 00 00 00 |
>  00 00                         |

<  86 90 30 02 04                |   0
>  00 00 00 00 00 00 00 00 00 00 |
>  00 00 00 00 00 00 00 00 00 00 |
>  00 00 00 00 00 00 00 00       |

<  80 90 00 00 00                |
>  00 00 00 ef                   |

<  87 90 40 00 00                |   @
>  00 00 00 00 f3 00 00 e0 00 00 |
>  00 02 00 00 00 00 00 00 00 00 |
>  00 00 00 04 00 00 00 00 00 00 |
>  00 00                         |

<  c7 90 30 00 20 00 00 00 00 00 |   0

<  00 00 00 00 00 00 00 00 00 00 |

<  00 00 00 00 00 00 00 00 00 47 |          G

<  ff ff f0 00 00 00 00 c7 90 30 |          0

<  00 40 00 00 00 00 00 00 00 00 |  @

<  00 00 00 00 00 00 00 00 00 00 |

<  00 00 00 00 00 00 00 00 00 00 |

<  00 00 00 00 c7 90 30 00 60 00 |       0 `

<  00 00 00 00 00 00 00 00 00 00 |

<  00 00 00 00 00 00 00 00 00 00 |

<  00 00 00 00 00 00 00 00 00 00 |

<  00 c6 90 30 02 04 00 00 00 00 |    0

<  00 00 00 00 00 00 00 00 00 00 |

<  00 00 00 00 00 00 00 00 00 00 |

<  00 00 00 00 c0 90 40 00 24 00 |       @ $

<  00 00 02 80 90 70 00 00       |      p
>  00 01 80 0f                   |

<  c0 90 40 00 24 00 00 00 02 c0 |   @ $

<  90 70 00 00 00 61 80 0f 80 90 |  p   a

<  00 00 00                      |
>  00 00 00 ef                   |

<  c0 90 00 00 00 00 00 02 ef c0 |

<  ff f0 01 00 16 20 84 44 c0 ff |        D

<  f0 01 04 00 c8 90 8c c0 ff f0 |

<  01 08 13 40 00 00 c0 80 00 01 |    @

<  08 00 00 00 00 80 80 00 01 00 |
>  00 00 00 00                   |

<  80 80 00 01 00                |
>  00 00 00 00                   |

<  c0 80 00 01 08 00 00 08 00 80 |

<  80 00 01 10                   |
>  00 00 00 25                   |    %

<  80 80 00 01 10                |
>  00 00 00 00                   |

<  c0 80 00 01 08 00 00 00 00 c0 |

<  80 00 01 0c 99 99 99 99 c0 80 |

<  00 01 08 00 00 00 03 80 80 00 |

<  02 20                         |
>  00 00 00 00                   |

<  c0 80 00 02 20 00 00 00 00 c1 |

<  80 00 02 24 00 00 00 00 00 00 |    $

<  00 00 c0 80 00 02 40 00 00 00 |       @

<  00 c0 80 00 02 80 ff fe 00 00 |

<  c0 80 00 02 00 00 00 00 00 c0 |

<  80 00 02 04 00 00 00 00 c0 80 |

<  00 03 14 ff ff ff ff c0 80 00 |

<  03 04 00 00 00 00 c0 80 00 03 |

<  18 00 00 00 07 83 80 00 03 20 |
>  00 00 00 00 00 00 00 00 00 00 |
>  00 40 00 00 00 00             |  @

<  80 80 00 01 08                |
>  00 00 00 03                   |

<  c0 80 00 01 08 00 00 08 43 c0 |         C

<  90 00 00 20 00 00 ff fe 80 90 |

<  00 00 20                      |
>  00 00 00 00                   |

<  80 80 00 01 04                |
>  00 00 00 02                   |

<  80 80 00 01 10                |
>  00 00 00 25                   |    %

<  80 90 00 00 20                |
>  00 00 00 00                   |

<  80 80 00 01 04                |
>  00 00 00 02                   |

<  80 80 00 01 10                |
>  00 00 00 25                   |    %

<  80 90 00 00 20                |
>  00 00 00 00                   |

<  80 80 00 01 04                |
>  00 00 00 02                   |

<  80 80 00 01 10                |
>  00 00 00 25                   |    %

<  80 90 00 00 20                |
>  00 00 00 00                   |

<  80 80 00 01 04                |
>  00 00 00 02                   |

<  80 80 00 01 10                |
>  00 00 00 25                   |    %

<  80 90 00 00 20                |
>  00 00 00 00                   |

<  80 80 00 01 04                |
>  00 00 00 02                   |

<  80 80 00 01 10                |
>  00 00 00 25                   |    %

<  80 90 00 00 20                |
>  00 00 00 00                   |

<  80 80 00 01 04                |
>  00 00 00 02                   |

<  80 80 00 01 10                |
>  00 00 00 25                   |    %

<  80 90 00 00 20                |
>  00 00 00 00                   |

<  80 80 00 01 04                |
>  00 00 00 02                   |

<  80 80 00 01 10                |
>  00 00 00 25                   |    %

<  80 90 00 00 20                |
>  00 00 00 00                   |

<  80 80 00 01 04                |
>  00 00 00 02                   |

<  80 80 00 01 10                |
>  00 00 00 25                   |    %

<  80 90 00 00 20                |
>  00 00 00 00                   |

<  80 80 00 01 04                |
>  00 00 00 02                   |

<  80 80 00 01 10                |
>  00 00 00 25                   |    %

<  80 90 00 00 20                |
>  00 00 00 00                   |

<  c0 90 00 00 20 00 00 ff ff 80 |

<  90 00 00 20                   |
>  00 00 00 01                   |

<  80 90 00 00 40                |     @
>  00 00 00 00                   |

<  80 90 00 00 40                |     @
>  00 00 00 00                   |

<  c0 90 00 00 40 00 00 00 01 80 |     @

<  80 00 01 04                   |
>  00 00 00 02                   |

<  80 80 00 01 10                |
>  00 00 00 25                   |    %

<  80 80 00 01 08                |
>  00 00 08 43                   |    C

<  c0 80 00 01 08 00 00 00 43 80 |         C

<  90 00 00 00                   |
>  00 00 00 ef                   |

<  80 90 40 00 04                |   @
>  f3 00 00 e0                   |

<  80 90 30 02 04                |   0
>  00 00 00 00                   |

<  80 90 00 00 00                |
>  00 00 00 ef                   |

<  80 90 40 00 0c                |   @
>  00 00 00 00                   |

<  80 90 00 00 00                |
>  00 00 00 ef                   |

<  80 90 40 00 20                |   @
>  00 00 00 b0                   |

<  80 90 00 00 00                |
>  00 00 00 ef                   |

<  80 90 40 00 20                |   @
>  00 00 00 b0                   |

<  80 90 40 00 10                |   @
>  00 00 00 10                   |

<  80 90 00 00 00                |
>  00 00 00 ef                   |

<  87 90 40 00 00                |   @
>  00 00 00 00 f3 00 00 e0 00 00 |
>  00 02 00 00 00 00 00 00 00 10 |
>  00 00 00 14 00 00 00 00 00 00 |
>  00 00                         |

<  87 90 30 00 20                |   0
>  00 00 00 00 00 00 00 00 00 00 |
>  00 00 00 00 00 00 00 00 00 00 |
>  00 00 00 00 47 ff ff f0 00 00 |     G
>  00 00                         |

<  87 90 30 00 40                |   0 @
>  00 00 00 00 00 00 00 00 00 00 |
>  00 00 00 00 00 00 00 00 00 00 |
>  00 00 00 00 00 00 00 00 00 00 |
>  00 00                         |

<  87 90 30 00 60                |   0 `
>  00 00 00 00 00 00 00 00 00 00 |
>  00 00 00 00 00 00 00 00 00 00 |
>  00 00 00 00 00 00 00 00 00 00 |
>  00 00                         |

<  86 90 30 02 04                |   0
>  00 00 00 00 00 00 00 00 00 00 |
>  00 00 00 00 00 00 00 00 00 25 |          %
>  80 00 01 00 00 00 00 00       |

<  80 90 40 00 10                |   @
>  00 00 00 10                   |
