-- configure ethernet?
8080000f00
c080000f00
    90000080

-- setup some dsu regs
c090000024
    fffe0001
8090000040
8090000040

-- reading of interrupt cntrl reg
c080000240
    00000000
c080000280
    fffe0000

-- some DSU ASI setup
8090400044
c290400040
    00000000
    06000107
    00000000
c090400050
    00070000
c090400058
    80000000
c090400024
    00000002
c090700000
    00e1000f
8090000000
c090000000
    000002ef
c090000008
    00000000
8090000000
8790400000

----start cleaning registers
c690300204
    00000000
    00000000
    00000000
    00000000
    00000000
    00000000
    00000000
8090000000
c790300020
    00000000
    00000000
    00000000
    00000000
    00000000
    00000000
    00000000
    00000000
c790300040
    00000000
    00000000
    00000000
    00000000
    00000000
    00000000
    00000000
    00000000
8090000000
c790300060
    00000000
    00000000
    00000000
    00000000
    00000000
    00000000
    00000000
    00000000
c790300080
    00000000
    00000000
    00000000
    00000000
    00000000
    00000000
    00000000
    00000000
8090000000
c7903000a0
    00000000
    00000000
    00000000
    00000000
    00000000
    00000000
    00000000
    00000000
c7903000c0
    00000000
    00000000
    00000000
    00000000
    00000000
    00000000
    00000000
    00000000
8090000000
c7903000e0
    00000000
    00000000
    00000000
    00000000
    00000000
    00000000
    00000000
    00000000
c790300100
    00000000
    00000000
    00000000
    00000000
    00000000
    00000000
    00000000
    00000000
8090000000
c790300120
    00000000
    00000000
    00000000
    00000000
    00000000
    00000000
    00000000
    00000000
c790300140
    00000000
    00000000
    00000000
    00000000
    00000000
    00000000
    00000000
    00000000
8090000000
c790300160
    00000000
    00000000
    00000000
    00000000
    00000000
    00000000
    00000000
    00000000
c790300180
    00000000
    00000000
    00000000
    00000000
    00000000
    00000000
    00000000
    00000000
8090000000
c7903001a0
    00000000
    00000000
    00000000
    00000000
    00000000
    00000000
    00000000
    00000000
c7903001c0
    00000000
    00000000
    00000000
    00000000
    00000000
    00000000
    00000000
    00000000
8090000000
c7903001e0
    00000000
    00000000
    00000000
    00000000
    00000000
    00000000
    00000000
    00000000
c790300000
    00000000
    00000000
    00000000
    00000000
    00000000
    00000000
    00000000
    00000000
8790400000
8090000000
